MT:15244:15644	2991,2	4256,22	898,97	4581,18	3049,4	4045,8	2923,22	3657,51	2104,65	4658,36	4119,1	5681,24	5917,05	1822,21	2827,19	2851,81	4479,01	3124,46	4796,97	5541,8	5614,19	1976,81	4540,96	5146,01	5963,06	3089,76	5920,3	5998,56	1556,19	1020,79	3051,92	3355,03	3107,59	4716,97	2293,09	3696,89	1471,05	2426,76	3598,21	6368,43	5412,72	4816,89	4791,16	5215,04	4256,65	4439,07	2051,83	1789,11
MT:2612:3012	2781,66	4230,66	830,94	4782,07	2646,09	3592,25	2754,96	3158,1	2073	4182,27	3817,22	5274,82	5672,47	1719,89	2739,23	2574,45	4072,48	2823,08	4808,6	4938,2	5643,56	1848,66	4458,27	4841,44	5636,04	2773,49	5882,2	5550,57	1566,23	987,43	3051,92	2867,76	2844,41	4357,32	2168,1	3491,07	1458,3	2030,14	3508	5989,61	5016,67	4472,69	4592,41	5135,29	4221,85	4380,92	1993,24	1640,72
KI270729.1:10861:11261	31,43	28,76	3,53	31,51	24,59	9,86	14,26	31,75	16,76	21,97	15,68	15,05	30,04	6,51	32,67	19,91	32,09	11,44	34,87	19,9	19,58	12,38	19,46	39,55	20,02	16,22	3,46	26,58	10,05	12,01	17,64	18,62	7,78	27,67	7,65	75,2	5,74	26,89	25,06	18,63	14,14	22,95	24,84	10,4	34,8	90,46	2,93	20,34
KI270465.1:799:1199	91,67	38,34	11,09	39,39	132,8	55,87	122,63	80,83	38,16	120,85	91,48	49,46	68,65	66,97	92,98	25,6	117,68	68,67	104,62	182,41	200,68	37,86	48,64	280,84	36,71	145,97	83,14	68,34	52,75	62,72	123,49	74,49	19,45	175,21	45,91	126,66	29,32	208,39	125,29	77,63	188,6	97,52	56,78	97,09	197,17	245,54	12,89	46,67
KI270729.1:2308:2708	421,7	450,55	136,05	449,06	1037,78	147,9	687,31	438,79	206,65	860,62	371,14	393,51	476,28	331,14	452,35	344,21	488,55	530,28	616,09	454,35	509,05	179,84	515,63	577,49	323,68	377,1	547,34	539,11	233,62	384,3	463,71	536,93	186,69	760,8	377,51	752,04	185,47	584,84	1082,47	617,9	499,78	386,27	663,66	592,93	1223,64	704,31	101,95	329,1
GL000224.1:2122:2522	172,87	204,5	48,38	165,44	486,92	52,59	245,27	225,17	130,32	183,11	168,58	144,07	231,7	90,23	432,25	224,73	235,36	167,86	282,86	228,84	587,36	85,92	189,71	284,79	246,93	373,04	232,1	227,79	143,18	69,39	272,18	254,5	119,27	290,49	306,09	411,65	93,06	685,68	481,1	170,78	259,32	202,7	255,53	180,31	521,93	374,77	33,98	100,53
GL000225.1:25546:25946	68,1	89,47	19,65	31,51	127,88	59,16	57,04	75,06	44,68	54,93	47,05	45,16	34,33	53,02	158,32	79,65	85,59	91,56	127,87	92,86	117,47	53,15	55,94	114,71	73,41	129,75	83,14	98,71	81,64	66,72	85,69	83,8	32,41	110,66	135,19	142,49	29,32	87,39	175,4	68,31	84,87	103,26	53,24	52,01	139,18	161,54	18,16	43,08
KI270538.1:88611:89011	149,3	204,5	30,23	129,99	172,14	78,88	319,42	207,85	83,78	157,48	133,3	232,24	356,14	103,25	490,05	106,68	203,27	194,56	216,99	494,15	435,63	66,26	189,71	253,15	133,48	628,49	374,13	231,59	165,79	92,07	504,03	167,6	81,68	235,16	155,59	269,15	70,75	571,4	205,47	263,93	216,89	200,78	216,49	239,25	376,95	756	58,59	100,53
KI270728.1:1791655:1792055	47,15	44,74	4,54	59,09	44,27	16,43	22,82	25,98	18,62	25,64	27,44	27,95	30,04	12,09	20,1	18,49	49,93	19,07	50,37	9,95	0	14,56	17,03	27,69	23,36	28,38	24,25	30,37	13,82	12,01	20,16	43,45	20,74	59,94	25,51	55,41	10,2	26,89	85,19	37,26	61,29	5,74	21,29	24,27	81,19	71,08	8,2	15,56
KI270337.1:242:642	49,77	41,54	4,03	27,57	73,78	69,02	102,67	69,28	33,51	29,3	49,66	25,8	107,27	16,74	35,18	28,45	42,79	57,22	73,62	26,53	34,26	22,57	24,32	55,38	30,03	24,33	97	30,37	21,35	26,69	55,44	77,59	25,93	138,33	61,22	79,16	50,99	47,06	120,27	12,42	61,29	38,24	56,78	52,01	127,58	51,69	15,82	32,31
KI270517.1:2306:2706	120,49	159,77	17,13	59,09	280,35	75,59	99,82	150,11	79,12	43,95	88,86	107,52	0	80,92	153,3	86,76	160,47	190,75	127,87	278,58	234,94	53,88	85,13	166,13	110,12	202,74	72,75	201,22	80,38	65,38	153,73	80,69	64,82	230,55	186,2	304,78	40,15	342,84	205,47	114,89	188,6	110,91	177,45	114,43	220,37	206,77	24,02	81,38
KI270438.1:109404:109804	17263,59	13484,42	2111,87	9843,82	13923,95	6592,92	11387,73	10360,54	5139,21	8606,24	4649,66	8242,31	7200	7986,46	20571,87	8743,17	12830,79	6309,97	15816,84	13272,45	14591,03	6094,25	5601,41	7036,71	7341,2	16231,38	7926,07	9168,69	6499,81	4519,51	13510,59	8922,95	4772,23	18056,37	24193,49	15468,38	4483,9	22203,82	13540,89	6753,45	15681,8	8161,37	13191,66	9081,24	11157,75	18460,6	2343,02	4021,01
GL000008.2:2653:3053	361,46	466,52	70,55	330,88	737,76	266,21	333,67	357,96	227,13	399,18	245,68	301,05	369,01	222,31	434,76	281,62	449,33	286,12	554,09	401,29	479,68	118,68	372,13	458,83	333,69	316,27	516,16	254,37	195,94	278,88	433,47	412,78	193,17	783,86	471,88	712,46	105,8	665,51	806,84	310,5	353,62	292,57	390,39	488,91	707,51	872,31	97,85	193,87
KI270336.1:235:635	13,1	6,39	1,51	15,76	34,43	0	22,82	14,43	11,17	3,66	10,45	8,6	21,45	7,44	17,59	8,53	7,13	19,07	19,37	9,95	9,79	6,55	2,43	31,64	16,68	8,11	17,32	3,8	2,51	10,67	5,04	24,83	3,89	36,89	10,2	23,75	6,37	0	35,08	6,21	18,86	9,56	17,75	17,34	23,2	6,46	3,52	5,98
GL000225.1:117271:117671	28,81	35,15	3,53	3,94	63,94	32,87	22,82	37,53	24,2	18,31	24,83	8,6	0	16,74	75,39	11,38	17,83	45,78	50,37	82,91	68,53	19,66	36,48	27,69	0	44,6	41,57	94,91	42,7	21,35	37,8	15,52	9,08	96,83	104,58	43,54	21,67	53,78	110,25	27,95	0	43,98	7,1	27,74	40,59	84	10,55	7,18
KI270538.1:40080:40480	18,33	44,74	4,54	23,63	0	0	39,93	34,64	26,99	14,65	31,36	27,95	38,62	24,18	37,7	32,71	57,06	15,26	54,25	72,96	63,63	21,84	38,92	51,42	0	48,66	41,57	41,76	30,14	24,02	63	15,52	19,45	50,72	15,3	43,54	20,4	40,33	65,15	52,79	51,86	53,54	39,04	65,88	81,19	71,08	9,37	17,95
GL000225.1:85483:85883	73,34	121,42	16,63	78,78	152,47	62,45	39,93	103,92	37,23	102,54	47,05	77,41	64,36	21,39	85,44	34,14	49,93	80,11	104,62	155,87	132,16	45,14	36,48	19,78	46,72	101,37	121,25	155,66	42,7	37,36	68,04	96,21	23,34	101,44	84,17	63,33	19,76	100,83	300,69	74,52	61,29	42,07	149,06	38,14	98,59	226,15	10,55	16,75
GL000225.1:67337:67737	269,78	313,15	47,37	220,59	595,12	193,91	176,82	259,81	136,83	311,29	135,91	238,69	197,38	96,74	346,8	177,79	231,8	377,68	449,47	739,57	460,1	131,79	201,87	288,75	186,87	458,19	398,38	596,06	187,14	110,75	345,26	310,36	112,79	304,32	387,71	411,65	63,74	524,34	952,17	242,19	245,18	206,52	312,31	201,11	394,35	1014,46	44,53	39,49
KI270442.1:92000:92400	60,24	83,08	10,58	7,88	83,61	32,87	54,19	37,53	29,79	29,3	47,05	30,1	34,33	29,77	55,29	51,2	128,38	15,26	11,62	79,59	63,63	21,84	34,05	79,11	46,72	89,21	55,43	64,54	36,42	22,68	78,13	46,55	22,04	55,33	40,81	106,87	19,76	87,39	80,18	65,21	70,72	55,45	67,43	58,95	81,19	122,77	12,3	21,54
KI270744.1:108044:108444	419,08	763,69	96,25	189,08	1072,21	466,7	293,75	695,71	201,06	322,28	427,33	191,38	287,49	340,44	495,07	256,02	602,67	427,28	468,85	334,96	230,05	135,43	428,07	601,23	523,89	275,73	439,95	630,23	237,38	130,77	829,13	661,07	269,66	936,02	479,53	847,04	102,62	531,06	405,93	412,97	759,1	466,58	528,8	332,87	260,97	478,15	84,96	223,79
KI270438.1:21290:21690	104,77	0	12,6	0	206,57	59,16	111,22	60,62	53,06	3,66	65,34	81,71	124,43	71,62	165,86	29,87	139,08	122,08	69,75	162,51	200,68	45,87	97,29	162,17	96,77	202,74	86,6	170,85	54,01	58,71	120,97	71,38	24,63	207,49	122,43	221,66	37,6	141,17	230,53	74,52	136,73	84,14	138,41	114,43	179,78	213,23	19,92	63,43
GL000224.1:3696:4096	489,8	456,94	116,91	311,19	1205	256,35	539,01	649,52	406,78	655,54	326,7	606,4	755,19	312,54	1035,38	527,69	706,09	419,65	852,45	504,1	1429,25	284,69	627,51	814,82	931	855,56	568,13	831,45	385,59	192,15	562	1120,41	449,87	853,02	887,65	1076,61	212,24	1485,63	972,22	493,7	532,79	535,42	720,45	703,89	1362,82	846,46	119,52	382,95
KI270467.1:3267:3667	2805,24	2629,78	218,7	2190,14	3777,32	3141,99	3499,31	1249,96	775,4	3867,32	1734,15	1808,45	3827,42	2424,03	4483,29	1351,23	2082,6	2842,15	1914,14	3336,35	4444,37	1435,83	1264,76	5861,94	1431,53	3677,71	3484,98	2638,61	1431,84	1849,43	2928,43	2184,96	689,71	1872,03	3364,39	3126,92	963,07	3643,5	5572,71	1471,79	3611,62	3170,47	2494,95	4438,33	9963,11	4006,15	444,7	1488,73
KI270709.1:14219:14619	31,43	44,74	5,04	0	73,78	36,15	14,26	34,64	40,96	25,64	26,14	10,75	55,78	8,37	25,13	22,76	10,7	45,78	38,75	19,9	19,58	27,67	48,64	98,89	10,01	36,49	31,18	30,37	18,84	49,37	45,36	15,52	11,67	83	68,87	67,29	26,13	127,72	90,21	6,21	47,15	59,28	46,14	24,27	133,38	19,38	14,06	38,3
KI270438.1:103904:104304	7242,27	6230,95	962,46	5203,56	6856,23	3381,91	4899,6	4532,2	2236,83	4409,33	2271,25	4042,67	3840,29	3420,24	8071,93	3971,2	6115,84	3135,91	7276,83	5939,77	6250,5	2647,39	2454,12	3449,13	3537,12	6864,78	3921,47	4028,15	2630,07	2022,9	5887,1	4090,59	2215,63	7013,21	9952,87	6443,84	1953,54	9189,41	6038,78	2921,84	6850,77	3803,41	5877,15	4063,85	5225,12	8296,61	977,87	1826,21
KI270438.1:111952:112352	6037,41	4789,85	899,47	3974,56	4711,81	2146,15	3935,65	3960,62	1515,42	2600,18	1578,64	2552,47	2578,79	2474,26	6870,69	2985,51	3733,7	2128,75	6052,4	5163,72	5340,09	2093,3	1892,27	2321,84	2682,87	4573,82	2525,4	2752,5	1998,3	1489,16	5201,62	3001,22	1553,15	6031,08	7338,39	4840,79	1507,38	6755,93	4660,63	2232,52	5492,87	2300,41	5046,69	2760,09	3775,31	6791,07	889,99	1139,29
KI270538.1:83622:84022	36,67	47,93	13,1	47,27	34,43	0	94,11	121,24	13,03	25,64	27,44	60,21	34,33	17,67	120,63	34,14	74,89	83,93	38,75	106,13	88,1	17,47	60,81	79,11	0	109,48	79,68	37,97	27,63	17,35	90,73	37,24	19,45	59,94	45,91	106,87	21,67	282,34	165,38	102,47	18,86	97,52	46,14	149,1	23,2	116,31	9,96	10,77
KI270590.1:2227:2627	165,01	124,62	21,67	63,03	295,1	42,73	148,3	147,22	100,53	172,12	96,7	64,51	51,49	79,99	196,02	78,23	164,04	164,04	104,62	215,57	195,79	54,61	72,97	268,97	120,13	182,47	100,46	0	64,06	82,73	196,57	74,49	54,45	202,88	183,65	249,36	52,9	349,56	220,5	21,74	75,44	126,21	181	104,02	318,96	271,38	24,02	68,21
GL000216.2:167672:168072	73,34	79,88	17,13	98,48	147,55	62,45	54,19	54,85	49,33	150,15	47,05	73,11	64,36	32,56	110,57	45,52	92,72	137,34	120,12	189,04	137,05	44,41	60,81	19,78	76,75	81,1	124,71	136,68	56,52	38,7	100,81	133,46	47,97	83	99,48	83,12	29,32	161,34	220,5	121,1	61,29	84,14	92,27	79,75	92,79	252	12,89	11,97
KI270709.1:7308:7708	65,48	99,06	52,41	94,54	191,82	128,18	165,41	314,66	203,86	146,49	239,15	113,97	399,05	56,74	422,19	190,59	360,18	141,15	410,73	159,19	327,94	101,93	43,78	261,06	337,03	129,75	114,32	353,08	129,37	125,43	204,13	238,98	36,3	350,43	229,56	146,45	77,12	282,34	581,33	145,94	221,6	147,24	401,04	291,27	545,13	258,46	67,38	137,62
KI270711.1:8800:9200	89,06	178,94	19,65	129,99	137,71	85,45	85,56	72,17	95,88	95,22	44,43	101,07	107,27	43,72	90,47	58,32	110,55	122,08	139,49	159,19	190,89	27,67	133,77	142,4	86,76	223,01	62,36	83,52	60,29	45,37	133,57	80,69	36,3	92,22	211,71	122,7	32,51	309,23	210,48	49,68	122,59	118,56	78,08	72,82	168,18	239,08	21,09	31,11
KI270466.1:752:1152	804,12	923,46	80,63	909,93	1421,41	1248,91	1160,73	378,16	281,12	1746,88	658,64	842,94	1536,12	826,92	1339,46	672,77	841,6	1148,31	697,46	1018,15	1615,24	492,93	496,17	1799,72	680,73	1070,47	1628,17	998,49	438,34	683,2	776,21	934,19	283,92	530,26	839,18	1310,14	321,87	1539,41	1814,14	583,75	1452,19	1120,56	1135,68	1487,53	3235,98	1344	144,13	421,25
GL000225.1:110369:110769	41,91	51,13	9,57	31,51	59,02	32,87	28,52	37,53	13,96	40,28	32,67	53,76	55,78	21,39	62,83	25,6	14,26	57,22	65,87	56,38	73,42	19,66	38,92	35,6	46,72	64,88	69,28	72,13	28,89	14,68	40,32	62,07	9,08	69,16	48,46	55,41	12,11	53,78	120,27	43,47	103,73	22,95	21,29	24,27	81,19	129,23	9,96	5,98
KI270516.1:418:818	99,53	89,47	18,14	0	113,12	29,58	77	121,24	48,4	76,91	57,5	70,96	128,72	65,11	145,76	59,74	167,61	91,56	96,87	172,46	195,79	42,96	41,35	94,93	63,4	158,14	83,14	98,71	43,96	41,37	95,77	68,28	32,41	165,99	107,13	158,33	35,69	255,45	150,34	0	117,87	68,84	113,57	69,35	272,56	239,08	15,23	73
GL000225.1:133555:133955	62,86	60,71	12,09	86,66	152,47	36,15	57,04	54,85	28,86	91,56	35,28	49,46	51,49	26,97	50,26	48,36	67,76	45,78	54,25	69,65	93	13,83	34,05	43,51	73,41	52,71	69,28	60,74	15,07	20,02	63	68,28	24,63	73,77	58,67	83,12	15,93	107,56	115,26	37,26	89,58	34,42	60,33	65,88	98,59	135,69	10,55	16,75
KI270333.1:873:1273	28,81	9,59	0	15,76	39,35	26,29	28,52	2,89	7,45	10,99	11,76	19,35	34,33	10,23	22,62	12,8	14,26	15,26	38,75	6,63	19,58	8,01	7,3	23,73	6,67	20,27	17,32	22,78	7,54	5,34	15,12	18,62	2,59	32,28	12,75	19,79	17,85	13,44	70,16	12,42	28,29	11,47	10,65	13,87	46,39	12,92	3,52	19,15
GL000216.2:173735:174135	34,05	38,34	6,05	0	44,27	39,44	14,26	40,41	19,55	47,61	20,91	43,01	60,07	20,46	70,37	36,98	32,09	41,96	46,5	39,8	88,1	16,75	24,32	15,82	16,68	48,66	41,57	49,36	26,38	8,01	37,8	43,45	9,08	64,55	63,77	83,12	17,85	107,56	105,24	40,37	37,72	30,6	31,94	27,74	46,39	142,15	8,79	10,77
KI270538.1:81137:81537	185,97	274,8	48,38	161,5	354,12	98,6	362,19	306	100,53	161,14	177,73	264,49	364,72	105,11	399,58	163,57	342,34	297,57	185,99	417,87	636,31	61,16	260,25	367,85	196,88	462,25	443,42	208,81	130,62	97,41	405,75	242,08	95,94	295,1	168,35	277,07	80,31	820,12	315,72	310,5	202,74	261,97	223,59	332,87	289,96	665,54	62,69	71,8
KI270736.1:166578:166978	138,82	134,21	23,68	0	270,51	52,59	125,48	138,56	51,2	131,84	81,02	109,67	0	56,74	173,4	103,83	156,91	87,74	158,87	179,09	48,95	37,13	94,86	0	36,71	202,74	173,21	117,69	71,59	56,04	163,81	176,91	59,64	179,83	104,58	201,86	40,15	275,62	185,42	121,1	0	89,87	127,76	128,3	86,99	258,46	29,3	56,25
KI270544.1:716:1116	13,1	3,2	0	0	0	9,86	0	25,98	21,41	0	0	0	0	16,74	77,9	0	32,09	15,26	0	33,16	0	9,47	0	27,69	0	20,27	0	7,59	18,84	20,02	15,12	0	2,59	64,55	33,16	11,87	12,11	53,78	20,05	6,21	0	19,12	0	10,4	104,39	0	4,1	11,97
GL000225.1:70703:71103	62,86	108,64	12,6	74,84	108,2	59,16	45,63	49,07	30,72	84,23	50,97	68,81	55,78	38,14	87,96	46,94	82,02	26,7	73,62	96,18	107,68	16,02	63,24	106,8	73,41	52,71	27,71	22,78	41,45	24,02	85,69	102,42	31,11	119,88	84,17	91,04	31,23	134,45	70,16	93,15	47,15	55,45	60,33	86,69	139,18	51,69	14,06	31,11
KI270744.1:120520:120920	128,34	92,67	22,68	63,03	295,1	55,87	99,82	66,4	64,23	102,54	33,98	96,77	145,89	22,32	118,11	93,87	238,93	68,67	58,12	142,61	117,47	60,43	109,45	98,89	86,76	133,81	162,82	140,47	65,31	74,72	131,05	121,04	24,63	161,38	150,49	138,53	23,58	67,22	215,49	68,31	84,87	89,87	120,67	90,15	57,99	303,69	29,3	13,16
KI270736.1:180714:181114	89,06	83,08	22,17	102,42	142,63	16,43	96,97	75,06	66,09	73,24	57,5	36,56	94,4	24,18	103,04	83,92	114,11	64,85	108,49	126,03	112,58	27,67	99,72	142,4	56,73	129,75	110,85	87,32	46,47	44,03	100,81	77,59	38,89	129,11	86,72	182,07	31,87	168,06	85,19	83,84	127,3	97,52	81,63	97,09	139,18	226,15	19,33	37,1
GL000214.1:131567:131967	65,48	108,64	18,64	66,96	127,88	0	114,08	34,64	41,89	128,18	16,99	144,07	55,78	22,32	118,11	179,22	117,68	83,93	100,74	275,27	176,21	48,05	128,91	110,75	53,39	186,52	155,89	83,52	54,01	45,37	57,96	18,62	27,23	73,77	147,94	114,79	15,93	121	305,7	136,62	80,15	76,49	56,78	17,34	86,99	465,23	19,33	8,38
KI270330.1:1108:1508	102,15	51,13	20,16	47,27	103,29	39,44	96,97	132,79	59,57	164,8	81,02	98,92	201,67	60,46	138,22	88,19	160,47	72,48	236,36	145,92	342,63	34,95	143,5	126,57	176,86	133,81	131,64	189,83	40,19	21,35	83,17	251,39	85,57	124,49	109,68	189,99	38,24	208,39	110,25	80,73	122,59	93,7	152,61	135,23	260,97	187,38	23,44	58,64
KI270744.1:111013:111413	403,37	655,05	95,24	126,05	880,39	486,42	353,64	661,07	196,41	300,3	378,98	251,59	360,43	275,33	510,15	230,42	645,46	564,62	426,23	281,9	215,37	109,22	398,88	644,73	500,54	263,56	450,35	554,3	194,68	142,78	713,21	611,42	257,99	1148,12	359,65	890,58	93,69	732,73	370,85	462,65	721,38	390,09	461,37	284,33	0	568,61	77,92	201,05
KI270509.1:275:675	78,58	38,34	15,12	0	206,57	29,58	74,15	92,38	47,47	91,56	50,97	0	0	52,09	95,5	45,52	64,19	87,74	46,5	109,44	146,84	30,58	55,94	110,75	43,38	93,26	72,75	79,73	23,86	33,36	153,73	43,45	28,52	78,39	58,67	130,62	29,32	80,67	130,3	40,37	70,72	70,75	134,86	38,14	52,19	142,15	7,03	74,2
1:2653852:2654252	55	19,17	7,56	70,9	98,37	23,01	39,93	46,19	49,33	51,27	48,35	92,47	17,16	36,28	67,85	59,74	99,85	49,59	104,62	66,33	63,63	26,94	65,67	63,29	63,4	8,11	48,5	22,78	28,89	33,36	65,52	145,87	44,08	101,44	51,01	233,53	26,13	188,22	175,4	18,63	37,72	43,98	81,63	45,08	214,57	77,54	16,99	33,51
1:144104224:144104624	136,2	169,35	25,7	98,48	334,45	101,88	68,45	164,54	71,68	120,85	95,4	116,12	85,82	53,95	90,47	115,21	153,34	106,82	162,74	92,86	97,89	40,77	111,88	55,38	100,11	64,88	173,21	98,71	42,7	64,05	146,17	93,11	102,42	165,99	140,29	249,36	40,15	208,39	175,4	263,93	84,87	70,75	102,92	142,17	150,78	284,31	21,09	39,49
GL000225.1:56035:56435	26,19	31,95	6,55	11,82	83,61	16,43	42,78	17,32	21,41	43,95	36,59	15,05	12,87	7,44	72,88	22,76	35,66	34,33	65,87	63,01	14,68	23,3	34,05	35,6	43,38	20,27	41,57	121,49	27,63	25,35	63	34,14	9,08	50,72	12,75	75,2	30,59	87,39	160,37	31,05	0	3,82	53,24	17,34	40,59	64,62	4,1	4,79
GL000220.1:142711:143111	251,45	140,6	45,86	208,77	329,53	92,02	139,74	360,84	248,54	223,4	101,93	208,58	257,45	112,55	261,36	231,84	306,68	244,16	185,99	295,16	401,36	88,83	206,74	94,93	163,51	344,66	422,63	193,62	159,51	149,45	405,75	353,81	180,21	161,38	300,98	411,65	50,35	1041,96	340,78	419,18	273,47	263,89	262,63	686,55	585,72	381,23	39,26	120,87
KI270757.1:51401:51801	23,57	35,15	9,57	0	93,45	0	25,67	46,19	40,03	40,28	11,76	21,5	25,74	45,58	62,83	21,34	121,25	41,96	23,25	99,49	151,73	46,6	34,05	130,53	0	56,77	31,18	106,3	33,91	40,03	40,32	27,93	16,85	0	63,77	158,33	33,78	67,22	115,26	0	0	45,89	95,82	0	92,79	142,15	11,13	35,9
1:121396384:121396784	23,57	22,37	0,5	0	4,92	0	34,22	0	29,79	0	13,07	0	0	23,25	98,01	27,02	85,59	0	38,75	0	0	16,75	0	0	0	48,66	0	0	33,91	4	0	21,73	7,78	0	43,36	0	13,38	0	0	0	0	5,74	0	13,87	0	0	14,65	28,72
GL000220.1:138213:138613	78,58	51,13	9,07	63,03	98,37	29,58	42,78	89,49	62,37	76,91	18,3	49,46	30,04	14,88	50,26	38,4	92,72	19,07	77,5	39,8	29,37	14,56	24,32	39,55	13,35	72,99	34,64	45,56	46,47	32,02	75,6	18,62	25,93	55,33	15,3	150,41	9,56	188,22	35,08	74,52	47,15	80,31	99,37	235,79	75,39	64,62	5,86	21,54
GL000216.2:309:709	646,96	453,74	148,15	606,62	1239,43	437,12	316,56	750,55	403,99	900,91	454,77	548,34	703,7	159,06	472,45	334,25	0	583,69	464,97	464,3	587,36	235,91	265,11	996,77	460,49	766,36	602,77	561,89	437,09	280,22	874,5	580,38	134,83	1157,34	834,08	542,26	454,44	2178,03	706,61	276,35	664,8	474,23	1114,39	270,46	719,11	588	168,15	297,99
KI270538.1:53579:53979	60,24	83,08	17,13	23,63	29,51	36,15	119,78	103,92	30,72	36,62	73,18	111,82	124,43	22,32	190,99	56,89	92,72	80,11	46,5	116,08	244,73	18,2	87,56	98,89	73,41	166,25	193,99	30,37	32,66	24,02	148,69	83,8	28,52	64,55	63,77	91,04	31,87	262,17	145,33	86,94	42,43	61,19	39,04	86,69	29	180,92	12,3	27,52
KI270724.1:587:987	13,1	12,78	4,03	23,63	29,51	13,15	19,96	20,21	20,48	10,99	6,53	23,65	25,74	4,65	5,03	8,53	10,7	19,07	19,37	23,22	14,68	12,38	7,3	15,82	6,67	0	45,03	3,8	15,07	6,67	20,16	18,62	6,48	32,28	25,51	11,87	5,74	13,44	35,08	18,63	9,43	13,39	14,2	10,4	17,4	19,38	2,93	3,59
GL000216.2:5810:6210	10,48	35,15	4,54	35,45	19,67	3,29	17,11	25,98	13,03	25,64	9,15	30,1	4,29	13,02	17,59	14,22	14,26	3,81	7,75	23,22	39,16	17,47	31,62	31,64	3,34	32,44	34,64	11,39	23,86	24,02	40,32	15,52	6,48	13,83	17,85	59,37	18,48	53,78	20,05	15,53	37,72	13,39	46,14	24,27	23,2	25,85	5,86	10,77
GL000225.1:167526:167926	13,1	9,59	7,56	0	0	0	0	0	13,96	18,31	11,76	0	0	23,25	60,31	31,29	0	30,52	0	16,58	0	6,55	26,75	15,82	0	8,11	38,11	34,17	27,63	0	30,24	0	9,08	59,94	53,56	51,46	11,47	67,22	0	21,74	0	13,39	24,84	10,4	92,79	0	2,34	0
KI270589.1:14731:15131	44,53	67,1	10,58	51,21	93,45	0	0	25,98	30,72	51,27	31,36	15,05	0	35,35	57,8	29,87	39,23	72,48	0	96,18	0	19,66	38,92	110,75	0	56,77	38,11	91,12	30,14	25,35	47,88	40,35	11,67	69,16	38,26	106,87	22,95	147,89	55,13	24,84	70,72	74,58	70,98	41,61	110,19	103,38	5,86	63,43
GL000225.1:131497:131897	39,29	79,88	10,58	70,9	142,63	39,44	51,33	66,4	14,89	51,27	30,06	55,91	47,2	17,67	50,26	38,4	74,89	64,85	58,12	112,76	53,84	24,03	26,75	55,38	70,08	56,77	128,18	83,52	43,96	22,68	47,88	71,38	20,74	59,94	63,77	59,37	12,75	67,22	180,41	52,79	70,72	40,16	74,53	24,27	0	168	8,2	5,98
KI270728.1:232524:232924	44,53	63,91	7,56	27,57	142,63	29,58	0	37,53	25,13	29,3	36,59	43,01	64,36	22,32	40,21	28,45	0	30,52	46,5	46,43	0	14,56	58,37	0	46,72	0	45,03	53,15	17,58	24,02	22,68	68,28	29,82	50,72	25,51	87,08	8,29	60,5	70,16	52,79	51,86	34,42	67,43	24,27	0	77,54	8,79	21,54
KI270310.1:411:811	34,05	41,54	1,01	43,33	39,35	13,15	31,37	8,66	2,79	3,66	14,38	21,5	4,29	4,65	17,59	12,8	17,83	34,33	11,62	39,8	4,89	2,18	55,94	23,73	10,01	24,33	69,28	22,78	32,66	13,34	7,56	18,62	7,78	23,05	10,2	15,83	12,11	47,06	10,02	9,32	42,43	11,47	3,55	24,27	34,8	45,23	2,34	14,36
KI270733.1:135659:136059	83,82	86,27	46,86	118,17	344,29	72,31	188,23	138,56	130,32	157,48	56,19	206,43	334,68	86,51	228,69	122,32	217,53	0	275,11	129,34	0	42,96	63,24	174,04	153,5	97,32	3,46	265,76	143,18	172,13	168,85	583,48	6,48	0	323,94	47,5	56,09	47,06	155,35	161,46	183,88	11,47	330,06	308,6	266,77	12,92	13,48	71,8
GL000220.1:119685:120085	222,64	338,71	36,79	259,98	260,67	111,74	188,23	144,34	148,94	117,19	185,57	182,78	214,54	126,5	168,37	108,1	410,1	122,08	375,85	215,57	308,36	48,78	182,42	363,9	353,71	373,04	415,7	239,18	115,55	114,76	191,53	248,29	140,02	152,16	158,14	486,85	59,28	430,23	160,37	127,31	169,74	112,82	138,41	825,25	545,13	264,92	54,49	161,56
KI270751.1:149828:150228	199,06	143,79	21,67	0	275,43	52,59	65,59	147,22	68,88	32,96	94,09	103,22	0	38,14	193,51	132,28	217,53	0	162,74	172,46	259,42	55,34	111,88	150,31	140,15	218,96	180,14	140,47	99,22	76,06	199,09	192,43	36,3	318,15	234,67	225,61	38,24	289,06	150,34	121,1	0	145,33	223,59	173,37	0	213,23	41,6	34,71
GL000225.1:33519:33919	20,95	31,95	7,56	0	83,61	39,44	17,11	37,53	13,96	43,95	18,3	21,5	8,58	14,88	77,9	21,34	24,96	45,78	69,75	49,75	78,31	19,66	38,92	23,73	0	24,33	48,5	75,93	18,84	8,01	68,04	9,31	19,45	64,55	43,36	67,29	23,58	40,33	155,35	18,63	14,14	38,24	35,49	38,14	81,19	103,38	10,55	9,57
GL000225.1:13939:14339	62,86	47,93	13,61	66,96	108,2	26,29	34,22	54,85	34,44	0	33,98	25,8	0	20,46	60,31	29,87	60,62	61,04	42,62	59,7	29,37	17,47	24,32	55,38	0	56,77	58,89	60,74	46,47	18,68	47,88	31,04	2,59	41,5	91,83	43,54	29,32	168,06	115,26	52,79	0	26,77	78,08	27,74	115,98	58,15	5,27	28,72
GL000216.2:149331:149731	31,43	35,15	7,56	39,39	59,02	26,29	8,56	0	9,31	54,93	10,45	19,35	0	13,02	47,75	18,49	7,13	22,89	42,62	63,01	44,05	11,65	29,19	0	36,71	0	34,64	45,56	13,82	0	20,16	37,24	6,48	23,05	43,36	43,54	12,11	80,67	55,13	40,37	37,72	30,6	56,78	0	0	38,77	7,62	9,57
GL000216.2:14281:14681	13,1	19,17	3,02	0	0	13,15	8,56	0	5,59	10,99	9,15	10,75	0	3,72	7,54	8,53	3,57	0	11,62	9,95	29,37	4,37	0	27,69	13,35	12,16	10,39	18,98	11,3	0	10,08	0	5,19	23,05	30,61	7,92	5,1	47,06	10,02	0	9,43	24,86	10,65	0	11,6	0	2,34	9,57
KI270435.1:91976:92376	10,48	0	0	0	0	0	0	31,75	22,34	0	11,76	12,9	0	12,09	70,37	5,69	0	0	0	49,75	39,16	6,55	0	0	0	48,66	0	30,37	22,61	17,35	35,28	24,83	20,74	64,55	5,1	67,29	0	94,11	85,19	0	0	38,24	0	0	0	96,92	5,86	8,38
KI270733.1:158522:158922	13,1	3,2	0,5	35,45	19,67	0	5,7	0	2,79	0	5,23	8,6	4,29	0,93	0	9,96	17,83	0	7,75	9,95	4,89	0,73	2,43	3,96	10,01	0	27,71	7,59	2,51	2,67	10,08	12,41	5,19	4,61	0	11,87	0	20,17	5,01	9,32	9,43	9,56	7,1	13,87	0	6,46	1,17	2,39
KI270733.1:168670:169070	170,25	357,88	62,48	212,71	1155,82	197,2	353,64	594,67	385,37	845,98	41,82	354,81	248,87	151,62	231,2	147,92	167,61	103	0	175,77	259,42	18,2	148,37	0	0	417,64	79,68	299,93	521,24	88,07	483,87	502,79	162,06	0	494,84	878,71	66,29	0	180,41	434,7	301,75	275,36	663,66	287,8	243,57	219,69	44,53	157,97
KI270709.1:3773:4173	0	0	0	0	63,94	13,15	79,85	34,64	28,86	0	6,53	21,5	0	34,42	123,14	41,25	181,87	15,26	11,62	43,11	127,26	32,76	51,08	15,82	70,08	121,64	0	246,78	13,82	5,34	35,28	12,41	0	106,05	12,75	15,83	25,49	100,83	180,41	6,21	47,15	19,12	0	72,82	86,99	180,92	10,55	5,98
KI270733.1:164922:165322	15,72	54,32	0	39,39	44,27	29,58	0	0	5,59	10,99	10,45	8,6	0	2,79	0	51,2	10,7	7,63	131,74	6,63	24,47	5,1	9,73	39,55	10,01	12,16	31,18	53,15	2,51	9,34	35,28	9,31	15,56	27,67	7,65	95	0	53,78	15,03	0	9,43	63,1	60,33	20,8	0	25,85	9,37	0
6:28982020:28982420	39,29	0	0	0	0	0	0	37,53	77,26	0	9,15	0	0	27,91	10,05	29,87	10,7	34,33	0	0	0	69,9	0	0	26,7	0	0	0	69,08	30,69	0	0	0	0	12,75	0	79,03	0	0	0	0	42,07	0	0	0	0	13,48	47,87
GL000225.1:50613:51013	39,29	79,88	12,6	0	73,78	0	0	51,96	26,06	87,89	24,83	34,41	0	16,74	87,96	28,45	0	45,78	108,49	122,71	63,63	34,22	51,08	27,69	0	64,88	51,96	75,93	22,61	30,69	98,29	24,83	25,93	55,33	43,36	75,2	18,48	0	260,59	43,47	0	24,86	46,14	17,34	0	161,54	4,1	13,16
KI270435.1:1403:1803	2,62	19,17	15,12	0	34,43	23,01	99,82	0	64,23	0	57,5	49,46	0	49,3	143,24	58,32	128,38	19,07	23,25	72,96	225,16	48,05	0	142,4	10,01	68,93	0	136,68	48,98	48,04	146,17	0	27,23	165,99	48,46	217,7	34,42	242	145,33	0	94,3	63,1	0	107,49	34,8	0	11,72	44,28
KI270508.1:1173:1573	55	51,13	5,54	0	147,55	0	0	43,3	20,48	10,99	53,58	60,21	0	30,7	82,93	36,98	60,62	61,04	0	116,08	141,95	27,67	46,21	67,24	3,34	129,75	48,5	56,95	38,94	26,69	68,04	52,76	25,93	23,05	56,12	166,24	24,86	188,22	65,15	6,21	61,29	42,07	63,88	34,67	0	0	0	51,46
KI270729.1:27606:28006	13,1	12,78	4,54	0	14,76	0	14,26	0	8,38	0	22,22	10,75	8,58	13,95	20,1	18,49	24,96	11,44	19,37	26,53	0	3,64	7,3	23,73	0	20,27	24,25	0	8,79	8,01	7,56	9,31	5,19	13,83	0	27,71	2,55	6,72	20,05	21,74	9,43	11,47	17,75	0	0	25,85	4,1	7,18
KI270713.1:21604:22004	57,62	0	25,2	0	0	184,05	105,52	43,3	80,05	0	33,98	0	0	42,79	45,23	21,34	181,87	301,38	42,62	0	73,42	56,79	58,37	0	0	133,81	0	45,56	45,22	50,71	17,64	34,14	22,04	0	79,07	0	139,58	0	0	0	84,87	135,77	0	86,69	81,19	0	52,15	40,69
19:1383404:1383804	78,58	0	16,63	0	0	164,33	79,85	46,19	106,12	0	53,58	0	0	124,64	27,64	76,81	85,59	114,45	0	0	0	156,54	51,08	126,57	56,73	60,82	0	0	131,88	105,42	0	0	25,93	0	99,48	0	154,88	0	0	0	0	112,82	0	0	115,98	0	27,54	122,07
KI270438.1:706:1106	39,29	0	0	0	0	0	17,11	0	40,03	0	33,98	6,45	30,04	60,46	90,47	58,32	0	38,15	0	99,49	0	12,38	0	51,42	0	0	0	94,91	70,34	0	0	0	0	0	22,96	162,28	43,34	289,06	0	43,47	0	97,52	0	0	185,58	0	0	27,52
KI270743.1:151775:152175	0	15,98	3,53	0	29,51	0	17,11	20,21	7,45	10,99	20,91	19,35	17,16	14,88	7,54	15,65	28,53	0	7,75	13,27	34,26	6,55	24,32	0	36,71	28,38	17,32	11,39	7,54	5,34	22,68	34,14	14,26	18,44	28,06	11,87	0	26,89	25,06	27,95	0	17,21	17,75	0	0	25,85	2,34	2,39
KI270734.1:121348:121748	10,48	0	0	3,94	0	0	8,56	5,77	0,93	3,66	0	2,15	0	0,93	7,54	2,84	0	0	0	6,63	0	1,46	0	0	3,34	8,11	3,46	7,59	1,26	1,33	7,56	6,21	1,3	9,22	2,55	3,96	0,64	0	15,03	0	0	1,91	3,55	10,4	23,2	6,46	1,76	3,59
17:8186804:8187204	96,91	0	6,55	0	59,02	308,94	102,67	77,94	162,9	0	36,59	0	0	161,85	27,64	88,19	164,04	217,45	0	0	0	220,62	0	0	20,02	129,75	0	0	169,56	185,48	42,84	0	23,34	0	155,59	0	238,38	0	0	0	0	200,78	0	0	110,19	0	25,78	137,62
KI270733.1:138178:138578	7,86	38,34	4,03	0	191,82	16,43	54,19	28,87	26,06	21,97	5,23	10,75	0	24,18	82,93	36,98	3,57	11,44	0	82,91	14,68	8,74	0	0	0	24,33	34,64	15,19	60,29	9,34	35,28	83,8	18,15	0	71,42	47,5	7,65	13,44	50,11	43,47	0	15,3	0	17,34	23,2	0	1,76	33,51
KI270733.1:174974:175374	130,96	99,06	24,19	189,08	265,59	69,02	188,23	51,96	143,35	271,01	79,72	270,94	133,02	62,32	45,23	130,86	274,59	0	251,86	122,71	0	82,28	65,67	158,22	200,21	93,26	0	170,85	128,11	129,43	98,29	207,94	0	0	33,16	138,53	48,44	0	0	83,84	0	0	401,04	256,59	237,77	0	12,3	64,62
1:161530598:161530998	13,1	0	0	0	0	82,16	5,7	0	54,92	0	6,53	0	0	45,58	0	4,27	10,7	57,22	0	0	0	53,88	0	3,96	0	0	0	0	17,58	50,71	0	0	6,48	0	0	0	84,77	0	0	0	0	70,75	0	0	0	0	7,03	37,1
14:20632907:20633307	0	0	0	0	0	39,44	19,96	0	61,44	0	0	0	0	66,04	0	25,6	64,19	61,04	0	0	0	91,01	0	106,8	0	0	0	0	77,87	61,38	0	0	0	0	0	0	87,96	0	0	0	0	70,75	0	0	0	0	10,55	53,85
GL000216.2:159048:159448	0	3,2	2,02	11,82	19,67	0	2,85	5,77	13,96	18,31	10,45	6,45	21,45	2,79	20,1	12,8	3,57	11,44	11,62	46,43	14,68	13,83	0	0	0	32,44	24,25	45,56	3,77	9,34	17,64	15,52	0	0	22,96	0	5,74	0	40,09	6,21	14,14	11,47	0	0	0	32,31	0,59	0
17:31549918:31550318	0	0	7,56	0	0	88,74	51,33	43,3	102,39	0	22,22	0	0	100,46	15,08	34,14	124,81	41,96	58,12	39,8	0	107,76	46,21	94,93	0	60,82	0	0	108,02	89,4	0	0	0	0	86,72	0	118,55	0	0	0	0	15,3	0	52,01	0	0	29,3	93,34
KI270580.1:546:946	0	0	9,07	0	73,78	0	0	37,53	23,27	7,32	15,68	27,95	0	15,81	80,42	54,05	35,66	34,33	0	0	146,84	25,48	0	55,38	0	24,33	0	87,32	21,35	17,35	78,13	27,93	16,85	119,88	51,01	106,87	14,02	80,67	85,19	21,74	70,72	0	0	0	115,98	0	0	40,69
8:66113228:66113628	41,91	0	5,54	0	68,86	131,46	65,59	69,28	96,81	0	15,68	0	0	83,72	37,7	58,32	89,15	156,41	0	0	0	146,35	0	75,15	53,39	117,59	17,32	0	100,48	104,08	0	0	0	0	91,83	0	123,65	0	0	0	0	118,56	0	0	0	0	31,64	73
1:93847416:93847816	65,48	0	4,03	0	0	59,16	91,26	0	70,74	0	0	0	0	61,39	25,13	36,98	49,93	61,04	0	0	0	96,84	0	67,24	0	0	0	0	81,64	74,72	0	0	0	0	22,96	0	87,96	0	0	0	0	40,16	0	0	0	0	12,89	62,23
1:161523705:161524105	52,39	0	0	0	0	16,43	22,82	43,3	57,71	0	32,67	0	0	52,09	20,1	39,83	74,89	57,22	0	0	0	62,62	0	0	0	0	0	0	57,78	36,03	0	0	0	0	0	0	98,79	0	0	0	0	36,33	0	0	0	0	16,41	50,26
2:27050679:27051079	62,86	0	2,52	0	4,92	210,34	131,19	66,4	136,83	0	45,74	0	0	127,43	0	112,37	206,83	202,19	0	82,91	19,58	197,32	17,03	90,97	56,73	0	0	0	143,18	104,08	0	0	11,67	0	147,94	0	189,3	0	0	0	0	166,36	0	0	173,98	0	28,71	87,36
20:29885508:29885908	112,63	0	0	114,23	0	0	114,08	0	0	0	56,19	32,26	0	13,02	0	0	0	95,37	0	218,89	264,31	8,74	107,02	166,13	96,77	125,7	0	79,73	0	25,35	27,72	65,18	0	69,16	15,3	308,73	0	67,22	120,27	0	0	107,08	78,08	0	115,98	303,69	0	0
16:14285740:14286140	26,19	0	10,08	0	0	78,88	0	60,62	92,15	0	0	0	0	83,72	0	54,05	57,06	76,3	0	0	0	91,74	0	71,2	0	0	0	0	72,85	66,72	0	0	0	0	51,01	0	86,04	0	0	0	0	36,33	0	0	0	0	8,2	51,46
KI270518.1:1020:1420	0	22,37	8,06	0	98,37	0	0	57,73	10,24	0	33,98	0	0	33,49	67,85	7,11	14,26	0	0	23,22	0	22,57	0	87,02	0	77,04	0	0	10,05	0	45,36	0	0	96,83	0	118,74	19,76	26,89	0	12,42	33	0	0	0	0	0	0	34,71
1:2655704:2656104	18,33	0	12,09	0	73,78	0	0	0	0	0	1,31	53,76	0	0	0	21,34	32,09	0	0	0	0	8,01	24,32	0	0	0	0	0	7,54	0	0	93,11	16,85	0	0	245,4	7,01	0	0	0	0	0	21,29	0	0	0	0	0
20:29891539:29891939	18,33	0	0	0	34,43	0	14,26	37,53	19,55	0	24,83	0	0	25,11	0	28,45	0	0	0	39,8	0	5,1	0	43,51	0	20,27	0	0	12,56	33,36	75,6	24,83	16,85	73,77	56,12	0	22,95	33,61	0	0	80,15	0	120,67	0	104,39	0	16,99	9,57
1:248873868:248874268	99,53	0	15,12	0	0	154,47	96,97	31,75	169,41	0	39,2	0	0	132,08	62,83	108,1	128,38	236,53	0	0	0	208,24	77,83	189,86	53,39	133,81	0	0	121,83	132,1	12,6	0	14,26	0	107,13	0	217,34	0	0	0	0	156,8	0	138,7	23,2	0	45,7	98,13
17:8221870:8222270	34,05	0	0	0	0	138,04	0	0	135,9	0	20,91	0	0	63,25	0	89,61	46,36	148,78	0	0	0	158	0	0	0	4,05	0	0	48,98	120,09	0	0	0	0	68,87	0	126,84	0	0	0	0	89,87	0	0	0	0	17,58	75,39
1:144883093:144883493	20,95	47,93	6,05	0	24,59	0	25,67	0	13,03	0	11,76	0	0	40,93	0	28,45	21,4	0	0	0	0	18,2	0	0	0	48,66	58,89	18,98	48,98	0	0	62,07	6,48	87,61	17,85	31,67	4,46	0	0	65,21	56,58	42,07	0	0	0	0	4,1	34,71
5:140726010:140726410	0	0	0	0	0	16,43	0	0	39,1	0	0	0	0	33,49	0	0	0	45,78	0	0	0	55,34	0	35,6	0	0	0	0	40,19	37,36	0	0	0	0	0	0	31,23	0	0	0	0	28,68	0	0	0	0	0	19,15
1:146035529:146035929	0	0	0	0	0	29,58	17,11	0	52,13	0	0	0	0	36,28	0	48,36	0	49,59	0	0	0	70,63	0	63,29	33,37	0	0	0	47,73	36,03	0	0	0	0	0	0	77,76	0	0	0	0	63,1	0	0	0	0	11,13	31,11
17:82494552:82494952	0	0	0	0	0	29,58	37,07	34,64	67,95	0	0	0	0	53,95	0	36,98	35,66	68,67	0	0	0	77,91	0	43,51	0	0	0	0	35,17	41,37	0	0	0	0	25,51	0	72,02	0	0	0	0	55,45	0	0	0	0	18,16	38,3
5:140711121:140711521	62,86	0	4,54	0	0	36,15	8,56	0	68,88	0	15,68	0	0	36,28	0	45,52	0	49,59	0	0	0	64,8	0	59,33	0	0	0	0	48,98	36,03	0	0	0	0	0	0	61,19	0	0	0	0	36,33	0	0	0	0	16,99	46,67
8:123157056:123157456	0	0	0	0	0	72,31	51,33	31,75	53,06	0	20,91	0	0	56,74	27,64	36,98	21,4	95,37	0	0	0	96,11	0	63,29	0	68,93	0	0	66,57	48,04	0	0	0	0	35,71	0	80,31	0	0	0	0	45,89	0	0	0	0	15,82	37,1
11:59550602:59551002	20,95	0	0	0	0	154,47	96,97	89,49	132,18	0	0	0	0	97,67	90,47	56,89	85,59	209,82	0	0	48,95	140,52	0	130,53	0	121,64	0	0	134,39	118,76	0	0	0	0	81,62	0	147,87	0	0	0	0	128,12	0	0	139,18	0	38,08	101,72
16:87383869:87384269	36,67	0	3,53	0	29,51	26,29	22,82	28,87	53,06	0	13,07	0	0	37,21	0	52,63	42,79	0	0	0	0	63,35	0	63,29	70,08	0	0	0	52,75	53,37	0	0	0	0	51,01	0	56,09	0	0	0	0	34,42	24,84	0	0	0	16,41	49,07
1:153671104:153671504	31,43	0	0	0	0	52,59	11,41	0	39,1	0	0	0	0	32,56	0	46,94	0	68,67	0	0	0	66,26	0	0	0	0	0	0	57,78	24,02	0	0	0	0	28,06	0	66,92	0	0	0	0	32,51	0	0	0	0	15,82	35,9
17:49192305:49192705	60,24	0	17,13	0	0	55,87	42,78	51,96	100,53	0	40,51	0	0	69,76	20,1	72,54	57,06	133,52	0	0	0	96,84	0	102,84	33,37	72,99	0	0	80,38	61,38	15,12	0	0	0	28,06	0	105,8	0	0	0	0	51,63	31,94	0	0	0	24,02	53,85
2:156400763:156401163	0	0	7,56	0	0	141,32	59,89	63,51	113,56	0	32,67	0	0	100,46	55,29	85,34	131,95	194,56	0	0	0	126,69	0	75,15	60,06	109,48	0	0	111,78	84,07	0	0	0	0	58,67	0	0	0	0	0	0	89,87	0	79,75	0	0	32,22	96,94
GL000214.1:136471:136871	41,91	54,32	11,59	19,7	34,43	0	68,45	49,07	37,23	18,31	11,76	47,31	21,45	4,65	37,7	56,89	82,02	0	23,25	79,59	97,89	36,41	53,51	75,15	20,02	77,04	58,89	45,56	36,42	61,38	0	0	14,26	50,72	35,71	79,16	12,75	73,95	0	0	66,01	22,95	60,33	65,88	34,8	116,31	16,41	10,77
19:1021347:1021747	0	0	0	0	0	52,59	57,04	0	32,58	0	0	0	0	41,86	0	28,45	21,4	19,07	0	0	0	62,62	0	0	0	0	0	0	17,58	32,02	0	0	0	0	0	0	54,18	0	0	0	0	49,72	0	0	0	0	7,03	7,18
14:20625230:20625630	0	0	0	0	0	52,59	22,82	0	73,54	0	0	0	0	74,41	35,18	35,56	32,09	87,74	0	0	0	92,47	0	0	0	0	0	0	66,57	60,05	0	0	0	0	40,81	0	116,64	0	0	0	0	72,66	0	0	0	0	9,37	63,43
KI270442.1:247885:248285	31,43	3,2	11,09	0	113,12	0	0	8,66	40,03	0	0	55,91	30,04	35,35	80,42	32,71	85,59	0	0	0	0	0	0	0	0	0	0	0	0	0	88,21	0	35	13,83	30,61	47,5	0	100,83	0	6,21	0	34,42	17,75	48,54	0	0	11,13	0
10:67764328:67764728	52,39	0	9,57	0	0	75,59	19,96	54,85	82,85	0	0	0	0	92,09	35,18	72,54	74,89	76,3	0	0	0	96,11	0	90,97	50,05	68,93	0	0	99,22	73,39	0	0	10,37	0	22,96	0	99,43	0	0	0	0	87,96	35,49	0	0	0	25,19	52,66
13:44917772:44918172	47,15	0	9,57	0	0	82,16	25,67	0	51,2	0	9,15	0	0	34,42	0	48,36	39,23	53,41	38,75	0	0	80,82	41,35	63,29	53,39	20,27	0	0	70,34	49,37	0	0	7,78	0	0	0	77,76	0	0	0	0	38,24	0	0	29	0	30,47	47,87
KI270538.1:72397:72797	0	0	4,03	0	0	0	28,52	23,09	0	0	0	12,9	0	7,44	60,31	11,38	10,7	15,26	0	36,48	0	2,91	19,46	0	0	40,55	10,39	0	10,05	2,67	42,84	0	0	27,67	0	15,83	2,55	0	0	15,53	0	0	0	13,87	0	51,69	0	7,18
KI270507.1:569:969	31,43	63,91	0	0	73,78	0	0	69,28	15,82	0	22,22	15,05	0	23,25	95,5	38,4	0	0	0	0	53,84	6,55	0	59,33	0	0	24,25	0	28,89	0	12,6	0	0	0	58,67	0	21,67	0	40,09	0	0	19,12	0	0	0	0	7,62	22,74
GL000224.1:162039:162439	36,67	6,39	0	39,39	177,06	29,58	0	132,79	53,06	0	56,19	0	0	47,44	95,5	59,74	21,4	0	65,87	29,85	122,37	13,83	53,51	0	46,72	145,97	0	64,54	74,1	34,69	110,89	0	18,15	83	53,56	51,46	22,31	0	130,3	0	0	53,54	0	65,88	278,36	213,23	19,33	34,71
KI270757.1:59854:60254	0	0	0	0	49,18	0	0	0	20,48	43,95	32,67	47,31	0	0	0	0	0	34,33	0	0	107,68	26,21	0	0	0	0	0	0	6,28	12,01	32,76	31,04	0	0	0	0	15,93	0	0	0	0	11,47	0	0	0	0	11,13	10,77
KI270757.1:15285:15685	41,91	0	3,02	0	49,18	0	0	43,3	22,34	0	0	0	0	24,18	75,39	7,11	0	0	0	43,11	0	10,19	0	0	0	0	0	0	10,05	2,67	57,96	49,66	0	41,5	0	23,75	0	127,72	50,11	52,79	0	26,77	49,69	0	0	0	5,27	19,15
14:20681529:20681929	31,43	0	0	0	0	0	0	43,3	47,47	0	0	0	0	47,44	0	34,14	0	45,78	0	0	0	53,15	0	0	0	0	0	0	27,63	61,38	0	0	0	0	0	0	50,35	0	0	0	0	21,03	0	0	0	0	8,79	44,28
17:75034542:75034942	0	0	0	0	0	88,74	0	0	81,91	0	0	0	0	82,79	0	24,18	46,36	0	0	0	0	82,28	0	15,82	0	97,32	0	0	81,64	57,38	0	0	0	0	17,85	0	77,76	0	0	0	0	45,89	0	0	0	0	26,37	64,62
KI270712.1:29741:30141	23,57	19,17	14,11	0	83,61	0	0	46,19	17,69	0	24,83	19,35	0	15,81	30,16	29,87	32,09	0	54,25	0	0	13,83	29,19	0	33,37	48,66	38,11	56,95	43,96	32,02	50,4	43,45	18,15	0	20,41	0	9,56	0	0	18,63	37,72	21,03	0	38,14	0	0	6,44	21,54
1:161399545:161399945	26,19	0	0	0	0	55,87	25,67	63,51	51,2	0	9,15	0	0	46,51	47,75	56,89	92,72	91,56	0	0	0	94,65	0	71,2	0	0	0	0	56,52	41,37	0	0	15,56	0	0	0	80,31	0	0	0	0	82,23	0	0	0	0	14,06	49,07
2:42810376:42810776	0	0	11,59	0	0	55,87	37,07	43,3	77,26	0	20,91	0	0	58,6	0	45,52	106,98	87,74	0	0	0	93,2	0	55,38	13,35	0	0	0	71,59	78,73	0	0	0	0	33,16	0	87,96	0	0	0	0	24,86	0	38,14	0	0	10,55	56,25
14:20683284:20683684	0	0	0	0	0	121,6	0	0	67,02	0	0	0	0	65,11	0	31,29	0	137,34	0	0	0	88,83	0	0	0	44,6	0	0	80,38	68,05	0	0	0	0	28,06	0	101,34	0	0	0	0	87,96	0	0	0	0	0	34,71
GL000194.1:190104:190504	0	12,78	7,05	0	0	0	0	34,64	26,99	0	27,44	36,56	0	39,07	108,06	46,94	32,09	0	0	66,33	48,95	9,47	60,81	0	73,41	113,53	0	0	30,14	33,36	90,73	12,41	24,63	0	81,62	83,12	7,65	6,72	15,03	83,84	0	34,42	0	31,21	0	0	1,17	33,51
KI270733.1:129889:130289	28,81	25,56	5,54	39,39	14,76	0	0	8,66	9,31	7,32	6,53	25,8	30,04	1,86	17,59	27,02	32,09	0	15,5	16,58	0	4,37	4,86	39,55	50,05	0	38,11	7,59	2,51	25,35	12,6	49,66	5,19	0	15,3	0	5,74	0	0	12,42	14,14	0	21,29	0	0	0	1,76	17,95
GL000225.1:92720:93120	15,72	15,98	1,51	0	9,84	0	0	0	12,1	43,95	10,45	43,01	0	0	65,34	8,53	7,13	3,81	19,37	13,27	53,84	5,82	2,43	0	23,36	16,22	10,39	18,98	3,77	10,67	12,6	37,24	12,96	4,61	10,2	27,71	7,01	40,33	20,05	9,32	9,43	15,3	21,29	0	0	6,46	2,34	3,59
6:28729121:28729521	0	0	0	0	0	0	0	0	48,4	0	0	0	0	24,18	0	12,8	0	0	0	0	0	34,22	0	0	0	0	0	0	16,33	33,36	0	0	0	0	0	0	38,24	0	0	0	0	13,39	0	0	0	0	0	22,74
2:112275285:112275685	0	0	8,57	0	0	46,01	34,22	0	0	0	0	0	0	20,46	0	0	46,36	41,96	0	0	0	29,85	0	0	0	0	0	0	22,61	17,35	0	0	0	0	0	0	23,58	0	0	0	0	0	0	0	0	0	10,55	19,15
17:19507996:19508396	31,43	0	0	0	0	39,44	0	0	70,74	0	0	0	0	53,95	0	36,98	64,19	45,78	0	0	0	88,83	0	0	20,02	72,99	0	0	72,85	46,7	0	0	5,19	0	61,22	0	64,37	0	0	0	0	65,02	0	0	0	0	18,16	56,25
15:65868927:65869327	0	0	8,06	0	0	0	0	28,87	53,06	0	11,76	0	0	48,37	20,1	44,09	28,53	45,78	0	0	0	74,27	0	59,33	56,73	40,55	0	0	42,7	30,69	0	0	0	0	43,36	0	70,75	0	0	0	0	65,02	0	0	0	0	11,13	50,26
14:49586445:49586845	44,53	0	3,53	0	0	141,32	48,48	40,41	106,12	0	16,99	0	0	69,76	0	27,02	24,96	202,19	0	0	0	131,06	0	63,29	70,08	20,27	0	15,19	85,41	84,07	0	0	37,6	0	61,22	0	123,01	0	0	0	0	59,28	78,08	0	57,99	0	36,33	47,87
GL000225.1:10739:11139	26,19	0	3,53	23,63	34,43	0	34,22	0	9,31	21,97	23,52	0	12,87	13,02	32,67	1,42	0	0	0	19,9	0	8,01	31,62	35,6	26,7	0	17,32	0	13,82	0	15,12	12,41	0	0	22,96	11,87	5,1	0	0	0	28,29	7,65	0	0	0	51,69	4,69	0
GL000225.1:99187:99587	7,86	25,56	1,01	23,63	14,76	0	19,96	23,09	5,59	40,28	7,84	17,2	21,45	6,51	22,62	15,65	21,4	0	0	9,95	0	0	14,59	0	30,03	0	13,86	0	10,05	0	27,72	21,73	9,08	0	12,75	31,67	4,46	33,61	30,07	21,74	0	11,47	35,49	0	0	0	1,76	5,98
14:20630937:20631337	0	0	0	0	0	0	0	0	55,85	0	0	0	0	29,77	15,08	18,49	0	0	0	0	0	63,35	0	0	0	32,44	0	0	33,91	0	0	0	0	0	0	0	66,92	0	0	0	0	0	0	0	0	0	7,03	15,56
11:62841423:62841823	18,33	0	9,57	0	0	279,36	228,15	0	72,61	0	0	0	0	69,76	52,77	0	210,4	350,98	0	0	0	160,91	0	0	0	0	0	26,58	52,75	96,07	0	0	0	0	20,41	0	149,78	0	0	0	0	74,58	0	0	197,17	0	31,05	58,64
1:145281047:145281447	0	0	7,56	0	0	98,6	88,41	0	40,03	0	0	0	0	58,6	25,13	22,76	139,08	206,01	0	0	0	85,92	0	0	40,04	40,55	0	0	21,35	30,69	0	0	1,3	0	28,06	0	78,4	0	0	0	0	68,84	0	0	0	0	31,64	35,9
14:20613375:20613775	0	0	8,06	0	0	98,6	59,89	66,4	102,39	0	9,15	0	0	81,86	35,18	73,96	121,25	129,71	0	0	0	113,58	0	43,51	0	0	0	0	130,62	78,73	0	0	0	0	66,32	0	117,28	0	0	0	0	87,96	0	0	0	0	26,37	70,61
1:146037601:146038001	0	0	1,01	0	0	85,45	19,96	0	29,79	0	0	0	0	30,7	0	19,91	0	57,22	0	0	0	51,7	0	19,78	0	0	0	0	31,4	18,68	0	0	0	0	17,85	0	89,23	0	0	0	0	21,03	0	0	0	0	0	22,74
1:204506568:204506968	0	0	0	0	0	128,18	39,93	51,96	112,63	0	0	0	0	77,2	0	9,96	71,32	171,67	0	0	0	143,44	0	59,33	0	81,1	0	0	79,13	96,07	0	0	0	0	86,72	0	142,13	0	0	0	0	118,56	0	0	63,79	0	24,02	86,16
1:146376819:146377219	0	0	10,08	0	0	105,17	102,67	0	42,82	0	0	0	0	37,21	0	11,38	82,02	144,97	0	0	0	78,64	0	51,42	0	0	0	0	48,98	41,37	0	0	0	0	0	0	84,13	0	0	0	0	13,39	0	0	57,99	0	16,41	23,93
6:125780097:125780497	0	0	0	0	0	0	0	0	47,47	0	0	0	0	23,25	0	42,67	0	49,59	0	0	0	56,06	0	0	0	32,44	0	0	36,42	30,69	0	0	0	0	0	0	56,09	0	0	0	0	34,42	0	0	0	0	11,72	22,74
1:44730739:44731139	0	0	11,59	0	0	82,16	142,6	0	53,99	0	0	0	0	45,58	0	14,22	121,25	190,75	0	0	0	70,63	0	0	0	0	0	0	0	37,36	0	0	5,19	0	12,75	0	78,4	0	0	0	0	21,03	0	0	86,99	0	28,71	39,49
6:26556410:26556810	0	0	0	0	0	16,43	0	0	65,16	0	0	0	0	35,35	22,62	0	0	45,78	0	0	0	0	0	0	0	0	0	0	28,89	22,68	0	0	0	0	0	0	40,15	0	0	0	0	21,03	0	0	0	0	0	31,11
KI270733.1:161642:162042	52,39	51,13	0	47,27	0	0	65,59	127,02	33,51	0	22,22	32,26	47,2	0	40,21	0	71,32	0	3,87	0	0	10,19	38,92	0	0	0	0	0	16,33	0	27,72	0	0	32,28	0	91,04	14,66	0	0	0	47,15	38,24	0	62,41	86,99	0	0	20,34
15:45200347:45200747	0	0	0	0	0	69,02	0	40,41	91,22	0	0	0	0	73,48	0	58,32	32,09	122,08	0	0	0	127,42	0	47,47	0	0	0	0	74,1	100,08	0	0	0	0	25,51	0	128,75	0	0	0	0	82,23	0	0	0	0	22,26	56,25
KI270519.1:44062:44462	0	0	3,53	0	0	0	0	0	21,41	0	0	0	0	0	50,26	11,38	0	0	0	6,63	0	0	21,89	0	0	0	0	0	5,02	0	0	0	2,59	13,83	51,01	7,92	1,91	0	0	0	0	0	0	0	0	0	6,44	0
14:20609952:20610352	39,29	0	0	0	0	42,73	22,82	0	55,85	0	0	0	0	44,65	0	27,02	106,98	0	0	0	0	85,19	0	0	0	0	0	0	47,73	57,38	0	0	0	0	33,16	0	83,5	0	0	0	0	21,03	0	0	0	0	12,3	52,66
1:146039227:146039627	0	0	0	0	0	9,86	0	0	57,71	0	0	0	0	38,14	17,59	36,98	0	0	0	0	0	67,71	0	0	0	0	0	0	50,24	32,02	0	0	0	0	30,61	0	63,1	0	0	0	0	0	0	0	0	0	0	28,72
2:70248762:70249162	18,33	0	8,06	0	0	32,87	17,11	34,64	63,3	0	0	0	0	30,7	25,13	24,18	0	0	0	0	0	65,53	0	0	0	36,49	0	0	61,54	26,69	0	0	16,85	0	0	0	68,2	0	0	0	0	40,16	0	0	0	0	19,33	45,48
6:28953098:28953498	0	0	0	0	0	0	0	0	56,78	0	0	0	0	11,16	0	25,6	42,79	19,07	0	0	0	39,32	0	0	0	0	0	0	7,54	29,36	0	0	0	0	0	0	52,9	0	0	0	0	21,03	0	0	0	0	11,13	39,49
17:75588250:75588650	0	0	0	0	0	0	0	0	13,03	0	0	17,2	0	26,04	55,29	0	0	0	0	0	0	10,92	14,59	0	0	0	0	0	47,73	0	0	0	0	0	10,2	0	5,1	0	0	24,84	0	0	0	0	0	0	0	0
6:27478776:27479176	0	0	6,05	0	0	0	37,07	0	0	0	0	0	0	56,74	17,59	44,09	0	167,86	0	0	0	0	0	94,93	33,37	52,71	0	0	56,52	60,05	0	0	0	0	0	0	84,77	0	0	0	0	72,66	0	0	0	0	16,41	64,62
17:8119945:8120345	0	0	0	0	0	161,04	57,04	0	96,81	0	0	0	0	103,25	0	41,25	0	152,6	0	0	0	154,36	0	0	0	0	0	0	75,36	101,41	0	0	0	0	33,16	0	135,76	0	0	0	0	143,42	0	0	75,39	0	11,72	90,95
KI270712.1:5890:6290	0	0	5,04	0	0	0	0	0	8,38	0	5,23	4,3	0	0	35,18	2,84	3,57	0	0	0	0	0	0	31,64	0	0	24,25	22,78	2,51	0	30,24	18,62	0	0	0	0	0	0	0	0	0	0	0	0	0	0	5,86	0
GL000214.1:125281:125681	0	70,3	16,13	51,21	88,53	0	65,59	31,75	77,26	51,27	1,31	51,61	0	0	50,26	1,42	0	22,89	38,75	99,49	78,31	58,25	121,61	0	36,71	77,04	62,36	79,73	52,75	32,02	0	21,73	0	41,5	48,46	0	17,21	134,45	50,11	31,05	42,43	51,63	113,57	110,96	57,99	161,54	14,65	8,38
1:148522554:148522954	0	0	5,54	0	0	157,76	74,15	0	60,51	0	0	0	0	45,58	40,21	44,09	92,72	137,34	0	0	0	80,09	0	0	0	89,21	0	0	30,14	65,38	0	0	0	0	0	0	103,25	0	0	0	0	34,42	0	0	57,99	0	19,92	37,1
17:39154237:39154637	62,86	0	4,54	0	0	55,87	22,82	25,98	112,63	0	28,75	0	0	85,58	22,62	68,27	78,45	34,33	0	0	0	117,95	0	0	0	44,6	0	0	69,08	81,4	0	0	0	0	0	0	97,52	0	0	0	0	120,47	0	0	0	0	9,37	68,21
2:231786235:231786635	0	0	12,6	0	0	26,29	14,26	0	15,82	0	0	0	0	14,88	0	0	0	15,26	0	0	0	20,39	31,62	0	0	24,33	0	0	30,14	16,01	0	0	19,45	0	33,16	0	22,95	0	0	0	0	0	0	0	0	0	0	16,75
1:11908251:11908651	0	0	6,05	0	0	207,06	145,45	0	35,37	0	0	0	0	66,04	35,18	0	74,89	209,82	0	0	0	141,25	0	0	0	0	0	64,54	0	69,39	0	0	0	0	0	0	103,25	0	0	0	0	49,72	0	0	46,39	0	0	25,13
GL000195.1:48216:48616	0	19,17	6,05	0	0	0	0	0	6,52	0	0	0	0	10,23	0	0	0	0	0	0	0	16,75	0	0	36,71	44,6	0	0	0	0	0	0	0	0	0	0	11,47	0	0	12,42	0	0	0	0	0	0	0	5,98
KI270733.1:166463:166863	20,95	0	4,54	0	34,43	0	25,67	109,7	14,89	0	0	4,3	30,04	5,58	17,59	0	0	0	0	33,16	0	1,46	2,43	0	6,67	0	0	0	7,54	0	0	21,73	0	0	0	7,92	1,91	0	0	40,37	0	13,39	0	0	0	12,92	15,23	4,79
17:8173240:8173640	0	0	0	0	0	128,18	82,71	0	21,41	0	0	0	0	31,63	0	21,34	121,25	190,75	0	0	0	78,64	0	0	0	0	0	0	0	46,7	0	0	0	0	0	0	50,99	0	0	0	0	17,21	0	0	0	0	4,1	0
KI270757.1:33139:33539	0	31,95	0	0	0	0	0	0	8,38	0	0	27,95	0	18,6	45,23	0	0	0	0	0	48,95	28,4	0	0	0	97,32	0	0	26,38	41,37	37,8	0	0	0	0	23,75	27,41	0	0	31,05	0	21,03	0	20,8	40,59	0	0,59	11,97
GL000225.1:45935:46335	15,72	25,56	11,09	31,51	54,1	0	0	28,87	27,93	36,62	28,75	30,1	12,87	9,3	42,72	24,18	0	0	0	0	53,84	16,02	24,32	51,42	23,36	52,71	34,64	0	31,4	4	35,28	37,24	9,08	55,33	61,22	59,37	15,93	134,45	0	34,16	51,86	22,95	42,59	0	69,59	0	6,44	19,15
17:68019747:68020147	0	0	6,05	0	0	55,87	0	0	55,85	0	0	0	0	40,93	0	45,52	28,53	0	0	0	0	56,06	0	0	33,37	0	0	0	37,68	49,37	0	0	0	0	45,91	0	63,1	0	0	0	0	15,3	0	0	0	0	14,65	23,93
6:26056006:26056406	0	0	1,01	0	0	0	99,82	0	29,79	0	0	0	0	19,53	0	0	67,76	144,97	0	0	0	0	0	0	0	0	0	0	31,4	33,36	0	0	0	0	0	0	47,8	0	0	0	0	34,42	0	0	23,2	0	4,1	16,75
6:144216361:144216761	68,1	0	15,12	0	0	59,16	11,41	0	69,81	0	23,52	0	0	61,39	0	71,12	60,62	103	0	0	0	108,49	21,89	55,38	23,36	0	0	0	76,62	73,39	17,64	0	23,34	0	38,26	0	77,12	0	0	0	0	53,54	0	0	23,2	0	29,88	59,84
16:22296997:22297397	47,15	0	12,09	0	0	72,31	68,45	0	105,19	0	27,44	0	0	79,99	0	49,78	67,76	91,56	0	0	0	104,12	24,32	51,42	26,7	52,71	0	0	99,22	76,06	40,32	0	0	0	48,46	0	100,7	0	0	0	0	63,1	0	0	29	0	27,54	50,26
1:16727442:16727842	91,67	41,54	21,16	0	181,98	69,02	122,63	31,75	42,82	0	77,1	0	38,62	88,37	40,21	100,99	189	0	0	26,53	0	61,16	0	0	70,08	56,77	0	0	99,22	54,71	5,04	27,93	3,89	0	204,06	0	65,01	0	110,25	0	0	196,96	0	27,74	0	0	17,58	62,23
8:95269477:95269877	0	0	0	0	0	65,73	31,37	51,96	55,85	0	22,22	0	0	53,02	0	49,78	0	80,11	38,75	0	0	74,27	0	79,11	0	0	0	45,56	56,52	64,05	0	0	0	0	68,87	0	68,84	0	0	0	0	78,4	0	0	0	0	12,89	61,03
GL000214.1:120797:121197	83,82	99,06	21,67	31,51	68,86	0	34,22	0	51,2	21,97	7,84	30,1	51,49	9,3	50,26	35,56	96,28	0	34,87	92,86	137,05	23,3	46,21	23,73	20,02	93,26	24,25	49,36	21,35	76,06	5,04	0	0	69,16	25,51	47,5	12,75	121	80,18	0	33	19,12	60,33	41,61	0	109,85	8,79	4,79
11:59560369:59560769	36,67	0	7,05	0	0	49,3	22,82	0	46,54	0	0	0	0	45,58	0	27,02	82,02	19,07	0	0	0	64,8	0	0	0	0	0	0	52,75	24,02	0	0	0	0	25,51	0	59,28	0	0	0	0	22,95	0	0	0	0	0	27,52
GL000225.1:81059:81459	0	0	0	0	49,18	0	2,85	20,21	18,62	0	0	25,8	0	8,37	45,23	25,6	0	19,07	31	29,85	24,47	21,84	0	0	0	0	41,57	22,78	15,07	20,02	27,72	24,83	0	0	53,56	51,46	9,56	0	75,17	0	0	30,6	0	0	0	0	5,27	0
KI270591.1:5033:5433	65,48	108,64	11,59	114,23	0	39,44	17,11	25,98	31,65	32,96	33,98	23,65	0	40	120,63	31,29	0	0	0	99,49	83,21	23,3	29,19	39,55	23,36	81,1	0	0	45,22	41,37	88,21	83,8	0	0	56,12	162,28	18,48	0	115,26	65,21	0	59,28	0	0	98,59	0	14,65	21,54
17:8226367:8226767	0	0	0	0	0	151,18	8,56	0	85,64	0	0	0	0	71,62	0	0	14,26	110,63	0	0	0	128,87	0	0	0	0	0	0	32,66	97,41	0	0	0	0	0	0	103,25	0	0	0	0	55,45	0	0	11,6	0	0	56,25
KI270757.1:22495:22895	0	35,15	1,01	15,76	0	0	19,96	20,21	32,58	0	7,84	0	0	29,77	92,98	5,69	17,83	19,07	15,5	76,28	34,26	5,1	0	79,11	0	0	41,57	0	18,84	29,36	0	40,35	16,85	0	28,06	114,79	19,12	0	95,22	68,31	0	24,86	39,04	62,41	0	0	3,52	0
1:167714629:167715029	0	0	6,05	0	0	62,45	111,22	0	72,61	0	0	0	0	67,9	0	49,78	49,93	99,19	0	0	0	103,39	0	23,73	70,08	0	0	0	57,78	66,72	22,68	0	0	0	33,16	0	100,07	0	0	0	0	42,07	0	0	0	0	20,51	46,67
11:65507092:65507492	0	0	6,05	0	0	213,63	156,86	0	0	0	0	0	0	20,46	0	0	0	282,31	0	0	0	72,81	0	0	0	0	0	0	0	56,04	0	0	0	0	53,56	0	61,82	0	0	0	0	0	0	0	179,78	0	0	21,54
4:184474540:184474940	28,81	25,56	26,2	39,39	0	19,72	0	40,41	13,03	0	10,45	0	0	5,58	0	2,84	0	0	0	0	0	11,65	36,48	0	0	0	0	0	20,1	0	0	0	47,97	0	0	0	3,82	0	0	0	0	0	0	0	0	0	28,12	32,31
KI270736.1:172875:173275	0	63,91	12,09	0	78,69	0	34,22	54,85	47,47	0	0	23,65	0	13,02	30,16	68,27	0	0	0	0	63,63	20,39	0	0	0	56,77	0	0	21,35	37,36	0	0	3,89	0	43,36	0	5,1	33,61	0	24,84	0	22,95	46,14	0	0	122,77	5,27	0
6:52995576:52995976	0	0	0	0	0	121,6	25,67	49,07	80,98	0	7,84	0	0	73,48	0	42,67	0	137,34	0	0	0	117,23	0	0	46,72	0	0	0	57,78	77,39	0	0	0	0	53,56	0	140,22	0	0	0	0	66,93	49,69	0	0	0	11,72	87,36
21:10627334:10627734	36,67	0	4,03	0	39,35	0	0	0	26,99	0	7,84	0	0	6,51	37,7	0	0	0	0	0	0	10,19	0	0	0	0	0	0	30,14	0	85,69	77,59	23,34	0	56,12	55,41	9,56	121	0	18,63	0	15,3	0	0	0	0	8,79	0
13:30673832:30674232	0	0	15,12	0	0	46,01	0	0	30,72	0	9,15	0	0	48,37	0	45,52	0	0	0	0	0	69,9	0	0	0	0	0	0	60,29	37,36	0	0	0	0	22,96	0	58,64	0	0	0	0	11,47	0	0	0	0	0	49,07
GL000194.1:2548:2948	28,81	22,37	7,56	0	29,51	0	0	0	25,13	0	0	0	0	14,88	0	17,07	0	0	0	0	0	0	4,86	0	6,67	28,38	6,93	0	1,26	8,01	27,72	15,52	22,04	0	30,61	0	0	0	25,06	12,42	0	1,91	0	0	0	19,38	4,1	13,16
GL000216.2:166598:166998	20,95	0	6,05	27,57	29,51	0	11,41	17,32	12,1	18,31	6,53	10,75	0	8,37	35,18	28,45	0	0	11,62	29,85	14,68	0	14,59	35,6	16,68	0	31,18	0	8,79	0	22,68	27,93	7,78	27,67	0	51,46	5,1	80,67	30,07	21,74	0	19,12	35,49	34,67	0	32,31	2,93	7,18
16:57300187:57300587	15,72	0	0	0	0	180,76	128,34	14,43	107,05	0	0	0	0	115,34	0	83,92	128,38	171,67	0	0	0	157,27	0	0	0	125,7	0	0	116,81	94,74	0	0	0	0	30,61	0	170,82	0	0	0	0	107,08	0	0	139,18	0	26,37	87,36
1:16896020:16896420	0	0	12,09	0	0	95,31	68,45	0	48,4	0	0	0	0	34,42	22,62	8,53	46,36	125,89	0	0	0	55,34	0	0	0	40,55	0	0	13,82	80,06	0	0	5,19	0	0	0	39,52	0	0	0	0	22,95	0	0	46,39	0	12,89	10,77
KI270303.1:961:1361	13,1	6,39	0	11,82	4,92	6,57	8,56	0	1,86	0	1,31	4,3	0	0,93	10,05	2,84	3,57	0	15,5	3,32	14,68	1,46	14,59	3,96	0	28,38	10,39	3,8	0	2,67	0	0	1,3	13,83	0	15,83	1,27	13,44	0	0	0	1,91	0	0	0	0	0,59	7,18
17:8139067:8139467	0	0	7,05	0	0	111,74	34,22	72,17	81,91	0	7,84	0	0	49,3	0	31,29	0	64,85	0	0	0	81,55	0	0	0	0	0	0	79,13	84,07	0	0	0	0	66,32	0	95,61	0	0	0	0	68,84	0	0	0	0	21,09	57,44
KI270733.1:119117:119517	0	0	0	0	0	0	0	0	8,38	10,99	14,38	17,2	12,87	0	0	8,53	0	7,63	0	0	0	0	0	0	0	4,05	0	0	0	0	10,08	0	0	64,55	0	0	4,46	127,72	0	27,95	0	9,56	0	0	0	0	0,59	1,2
6:28212863:28213263	0	0	0	0	0	0	0	0	0	0	11,76	0	0	26,97	0	31,29	0	68,67	0	0	0	53,88	0	0	0	0	0	0	33,91	41,37	0	0	0	0	0	0	0	0	0	0	0	15,3	0	0	0	0	16,41	21,54
1:36088722:36089122	0	0	10,58	0	0	0	0	25,98	10,24	0	0	0	0	15,81	0	0	0	0	0	0	0	5,1	26,75	0	0	24,33	0	0	0	0	0	0	0	0	0	0	13,38	0	0	0	0	0	0	27,74	0	0	18,16	14,36
14:102316913:102317313	55	0	0	0	0	39,44	14,26	0	56,78	0	0	0	0	55,81	0	38,4	49,93	41,96	0	0	0	72,81	0	110,75	0	0	0	0	61,54	36,03	0	0	0	0	66,32	0	74,57	0	0	0	0	63,1	0	0	0	0	14,06	43,08
KI270438.1:11746:12146	44,53	83,08	13,61	0	152,47	0	0	0	44,68	0	48,35	30,1	0	52,09	70,37	31,29	0	0	0	0	0	29,12	38,92	63,29	0	0	0	53,15	16,33	0	65,52	0	0	0	58,67	174,16	22,95	188,22	0	0	0	59,28	0	0	0	0	9,37	40,69
12:120291623:120292023	0	0	0	0	0	144,61	102,67	0	38,16	0	0	0	0	40,93	0	14,22	0	217,45	0	0	0	85,92	0	0	0	0	0	0	0	64,05	0	0	0	0	0	0	84,77	0	0	0	0	51,63	0	0	92,79	0	10,55	14,36
1:2683992:2684392	0	0	8,06	66,96	172,14	32,87	37,07	28,87	30,72	91,56	45,74	8,6	0	14,88	70,37	17,07	46,36	0	0	119,39	0	0	0	0	100,11	0	0	60,74	57,78	26,69	0	307,26	45,38	115,27	0	106,87	19,12	201,67	175,4	0	108,44	0	17,75	72,82	0	252	0	0
3:45688865:45689265	39,29	0	9,57	0	0	9,86	0	54,85	71,68	0	28,75	0	0	55,81	0	66,85	82,02	95,37	0	0	0	85,19	0	0	26,7	24,33	0	0	81,64	69,39	0	0	10,37	0	35,71	0	75,21	0	0	0	0	80,31	0	0	0	0	29,88	57,44
6:132814071:132814471	31,43	0	15,62	0	0	0	0	0	0	0	18,3	0	0	0	0	0	0	53,41	0	0	0	28,4	0	0	0	0	0	0	0	14,68	0	0	19,45	0	0	0	20,4	0	0	0	0	1,91	0	0	0	0	12,3	29,92
KI270736.1:157637:158037	117,87	25,56	17,13	0	0	69,02	45,63	118,36	56,78	21,97	57,5	98,92	0	45,58	135,7	112,37	89,15	0	46,5	139,29	73,42	29,85	89,99	23,73	0	56,77	17,32	0	56,52	62,72	118,45	108,63	0	64,55	107,13	0	41,43	134,45	190,43	158,36	28,29	87,96	0	104,02	127,58	58,15	26,37	35,9
KI270723.1:36731:37131	20,95	0	2,02	0	14,76	3,29	2,85	23,09	13,03	3,66	14,38	4,3	21,45	16,74	32,67	5,69	0	0	19,37	13,27	19,58	2,18	24,32	15,82	10,01	20,27	0	0	13,82	5,34	20,16	24,83	7,78	13,83	15,3	0	3,82	33,61	10,02	6,21	4,71	5,74	0	13,87	29	0	4,1	3,59
KI270588.1:2549:2949	0	0	0	0	0	0	54,19	0	6,52	0	0	0	0	22,32	17,59	4,27	0	0	0	0	34,26	17,47	0	19,78	0	0	0	0	0	22,68	37,8	0	0	0	0	31,67	1,27	0	30,07	0	0	21,03	0	0	0	0	0	13,16
KI270304.1:816:1216	5,24	25,56	1,01	11,82	0	0	2,85	2,89	2,79	0	7,84	4,3	0	2,79	5,03	0	0	0	3,87	6,63	9,79	0	19,46	0	0	24,33	38,11	0	8,79	12,01	0	0	1,3	9,22	5,1	0	5,1	6,72	0	3,11	4,71	3,82	3,55	0	5,8	6,46	1,76	3,59
21:9838929:9839329	44,53	0	7,56	0	44,27	0	0	0	3,72	0	27,44	0	0	5,58	50,26	9,96	0	22,89	0	0	0	10,92	0	0	73,41	0	0	0	22,61	0	0	6,21	0	0	5,1	0	4,46	0	30,07	27,95	0	0	49,69	0	0	12,92	3,52	0
KI270729.1:25379:25779	7,86	12,78	4,03	0	39,35	0	0	28,87	0	0	10,45	10,75	0	0	0	14,22	0	0	0	0	0	7,28	0	0	0	0	0	37,97	0	0	0	0	7,78	41,5	0	7,92	5,74	80,67	0	21,74	0	13,39	0	0	29	0	0	8,38
6:28940907:28941307	0	0	6,55	0	0	0	0	0	86,57	0	0	0	0	53,02	17,59	25,6	53,49	133,52	0	0	0	111,4	0	0	40,04	0	0	0	56,52	53,37	0	0	0	0	43,36	0	72,02	0	0	0	0	26,77	0	0	0	0	16,99	53,85
6:28896065:28896465	44,53	0	0	0	0	0	22,82	0	64,23	0	0	0	0	64,18	0	59,74	0	76,3	0	0	0	72,81	0	98,89	0	28,38	0	0	60,29	42,7	0	0	7,78	0	38,26	0	64,37	0	0	0	0	53,54	0	0	0	0	15,23	44,28
1:44721546:44721946	0	0	0	0	0	167,62	165,41	0	59,57	0	0	0	0	55,81	40,21	0	139,08	312,83	0	0	0	115,77	0	0	0	0	0	0	0	53,37	0	0	0	0	30,61	0	138,31	0	0	0	0	61,19	0	0	139,18	0	12,89	34,71
16:33338522:33338922	0	41,54	0	0	260,67	19,72	31,37	0	22,34	47,61	44,43	32,26	0	20,46	25,13	34,14	0	41,96	0	0	0	26,94	0	27,69	66,74	56,77	31,18	15,19	0	16,01	0	124,15	29,82	78,39	66,32	0	7,65	67,22	0	55,89	47,15	0	0	31,21	69,59	135,69	1,76	0
16:3152761:3153161	0	0	0	0	0	46,01	17,11	0	73,54	0	0	0	0	42,79	45,23	0	0	0	0	0	0	72,08	0	0	0	0	0	0	41,45	34,69	0	0	0	0	28,06	0	66,29	0	0	0	0	30,6	0	0	0	0	12,3	20,34
KI270732.1:30359:30759	39,29	0	14,11	0	83,61	0	0	28,87	43,75	0	27,44	45,16	0	44,65	87,96	75,38	131,95	0	0	53,06	0	0	77,83	0	0	12,16	55,43	22,78	64,06	18,68	83,17	77,59	18,15	92,22	0	0	17,21	201,67	0	43,47	0	19,12	46,14	48,54	0	0	27,54	19,15
1:149886789:149887189	0	0	0	0	0	85,45	51,33	0	5,59	0	0	0	0	0	0	0	35,66	91,56	0	0	0	40,77	0	0	0	0	0	3,8	0	9,34	0	0	0	0	0	0	42,07	0	0	0	0	0	0	0	81,19	0	0	0
KI270754.1:35644:36044	20,95	60,71	6,05	23,63	0	0	0	17,32	37,23	58,6	3,92	10,75	0	45,58	17,59	34,14	21,4	30,52	0	0	34,26	28,4	19,46	47,47	26,7	56,77	6,93	0	16,33	12,01	25,2	62,07	12,96	32,28	0	75,2	4,46	0	140,32	59	0	40,16	39,04	20,8	0	0	25,19	15,56
KI270744.1:125128:125528	10,48	31,95	3,53	19,7	34,43	0	31,37	0	13,03	0	9,15	6,45	0	12,09	12,57	0	14,26	0	0	33,16	63,63	16,75	41,35	11,87	13,35	24,33	20,79	0	12,56	10,67	0	0	0	0	2,55	15,83	10,2	40,33	65,15	21,74	0	15,3	42,59	0	46,39	25,85	5,27	0
10:22229342:22229742	0	0	5,04	0	0	29,58	28,52	0	67,02	0	0	0	0	44,65	0	48,36	35,66	45,78	0	0	0	66,26	0	0	56,73	0	0	0	69,08	18,68	0	0	0	0	20,41	0	59,91	0	0	0	0	49,72	0	0	0	0	12,89	25,13
15:65304630:65305030	0	0	0	0	0	134,75	62,74	0	40,96	0	0	0	0	30,7	0	0	0	221,27	0	0	0	74,27	0	0	0	0	0	0	18,84	52,04	0	0	0	0	20,41	0	80,95	0	0	0	0	19,12	0	0	81,19	0	15,23	9,57
6:26521062:26521462	60,24	0	0	0	0	69,02	17,11	31,75	78,19	0	0	0	0	76,27	0	46,94	0	72,48	0	0	0	0	0	0	23,36	0	0	0	76,62	65,38	0	0	0	0	0	0	72,02	0	0	0	0	70,75	0	0	0	0	19,33	58,64
14:22929536:22929936	49,77	0	0	0	0	62,45	42,78	0	80,98	0	0	0	0	49,3	12,57	52,63	0	0	0	0	0	80,82	0	0	0	0	0	0	79,13	56,04	0	0	0	0	43,36	0	80,95	0	0	0	0	68,84	0	0	0	0	22,26	41,89
1:148038544:148038944	0	0	6,05	0	0	55,87	31,37	0	22,34	0	0	0	0	15,81	0	0	60,62	26,7	0	0	0	45,87	0	0	0	0	0	0	15,07	20,02	0	0	0	0	0	0	37,6	0	0	0	0	40,16	0	0	0	0	0	16,75
17:8125570:8125970	0	0	0	0	0	0	0	0	50,27	0	0	0	0	22,32	0	41,25	17,83	0	0	0	0	60,43	0	0	0	0	0	0	35,17	0	0	0	0	0	28,06	0	43,98	0	0	0	0	24,86	0	0	0	0	11,13	26,33
KI270733.1:155406:155806	2,62	3,2	1,01	0	0	0	0	0	0,93	0	0	6,45	8,58	0,93	0	0	0	0	0	0	0	0	0	0	0	0	3,46	0	0	0	0	3,1	1,3	0	7,65	0	0	0	0	21,74	4,71	13,39	10,65	0	0	0	0	2,39
1:161612518:161612918	0	0	14,11	0	0	0	0	0	39,1	0	16,99	0	0	15,81	0	0	0	45,78	0	0	0	53,15	12,16	0	0	0	0	0	28,89	24,02	0	0	6,48	0	0	0	41,43	0	0	0	0	13,39	0	0	0	0	15,82	17,95
KI270732.1:2117:2517	13,1	0	4,54	0	29,51	0	0	0	33,51	0	0	10,75	0	39,07	72,88	58,32	28,53	0	23,25	112,76	0	3,64	0	0	0	85,15	0	0	50,24	36,03	73,08	0	11,67	0	25,51	170,2	5,1	67,22	50,11	0	0	0	0	0	0	0	0	17,95
16:636573:636973	52,39	0	0	0	0	6,57	0	0	64,23	0	14,38	0	0	57,67	0	55,47	0	49,59	0	0	0	69,17	0	63,29	0	32,44	0	0	79,13	42,7	0	0	0	0	28,06	0	66,92	0	0	0	0	47,81	0	0	0	0	14,65	55,05
17:58631500:58631900	0	0	0	0	0	0	91,26	0	35,37	0	0	0	0	40,93	0	0	114,11	251,79	0	0	0	85,19	0	0	0	0	0	0	17,58	38,7	0	0	0	0	0	0	83,5	0	0	0	0	43,98	0	0	69,59	0	14,65	19,15
9:35657725:35658125	0	0	0	0	0	65,73	0	0	34,44	0	0	0	0	48,37	0	27,02	0	41,96	0	0	0	73,54	0	0	0	0	0	0	35,17	28,02	0	0	0	0	0	0	110,26	0	0	0	0	36,33	70,98	0	0	0	12,89	51,46
KI270754.1:39140:39540	55	70,3	7,56	0	54,1	0	19,96	17,32	11,17	0	10,45	21,5	4,29	10,23	52,77	46,94	3,57	0	42,62	13,27	9,79	8,74	19,46	0	13,35	0	45,03	22,78	23,86	0	88,21	65,18	11,67	23,05	40,81	0	11,47	33,61	0	43,47	9,43	13,39	28,39	0	17,4	0	0	17,95
6:28863529:28863929	0	0	0	0	0	0	0	0	36,3	0	0	0	0	29,77	0	31,29	35,66	0	0	0	0	50,24	0	0	0	0	0	0	37,68	32,02	0	0	0	0	25,51	0	50,35	0	0	0	0	21,03	0	0	0	0	0	25,13
KI270719.1:174474:174874	44,53	0	12,6	0	186,9	0	0	72,17	32,58	0	44,43	25,8	0	25,11	45,23	32,71	99,85	22,89	0	49,75	39,16	0	34,05	0	63,4	113,53	0	41,76	0	9,34	85,69	86,9	23,34	59,94	61,22	63,33	0	67,22	85,19	59	0	66,93	0	0	0	58,15	0	32,31
GL000009.2:200658:201058	34,05	0	0	0	0	0	0	49,07	30,72	0	0	0	55,78	0	67,85	7,11	0	53,41	0	0	0	17,47	0	35,6	0	85,15	0	0	45,22	28,02	52,92	0	16,85	27,67	48,46	0	17,21	0	60,14	0	51,86	47,81	0	34,67	115,98	0	3,52	16,75
1:146051912:146052312	0	0	0	0	0	92,02	82,71	0	33,51	0	0	0	0	22,32	20,1	9,96	0	87,74	0	0	0	58,25	0	0	0	0	0	0	0	42,7	0	0	0	0	0	0	68,2	0	0	0	0	0	0	0	0	0	15,82	19,15
6:26553808:26554208	0	0	0	0	0	55,87	31,37	0	66,09	0	0	0	0	65,11	0	36,98	0	26,7	0	0	0	0	0	55,38	0	0	0	0	41,45	76,06	0	0	0	0	0	0	98,15	0	0	0	0	49,72	0	0	0	0	11,13	46,67
KI270712.1:57269:57669	0	57,52	10,08	0	113,12	23,01	19,96	0	16,76	29,3	31,36	8,6	12,87	13,95	17,59	55,47	0	49,59	58,12	0	0	6,55	43,78	0	0	0	34,64	30,37	22,61	16,01	45,36	58,97	10,37	92,22	28,06	95	14,02	87,39	0	93,15	0	42,07	21,29	38,14	0	32,31	7,03	15,56
KI270311.1:561:961	0	0	2,52	0	0	0	5,7	5,77	0	0	9,15	0	0	10,23	7,54	0	0	3,81	0	0	0	0	0	0	0	12,16	0	0	0	2,67	5,04	3,1	1,3	18,44	5,1	0	3,19	0	0	6,21	0	0	0	0	29	0	1,76	0
11:76235553:76235953	89,06	0	0	0	0	39,44	17,11	0	126,6	0	30,06	0	0	108,83	30,16	92,45	142,64	34,33	0	0	0	143,44	0	71,2	0	52,71	0	0	119,32	70,72	0	0	0	0	0	0	114,73	0	0	0	0	101,35	0	0	0	0	29,88	50,26
1:28648494:28648894	0	0	2,52	0	0	134,75	91,26	0	50,27	0	0	0	0	66,97	22,62	18,49	78,45	190,75	0	0	0	88,1	0	0	0	0	0	0	32,66	65,38	0	0	0	0	15,3	0	84,13	0	0	0	0	38,24	0	0	57,99	0	24,02	31,11
1:16513851:16514251	0	0	5,54	0	0	115,03	59,89	0	32,58	0	0	0	0	17,67	0	5,69	0	129,71	0	0	0	39,32	0	0	3,34	0	0	0	0	28,02	0	0	0	0	0	0	36,97	0	0	0	0	40,16	0	0	11,6	0	13,48	23,93
1:161621525:161621925	0	0	9,57	0	0	29,58	25,67	0	43,75	0	0	0	0	30,7	0	41,25	32,09	45,78	0	0	0	80,09	0	79,11	0	0	0	0	36,42	33,36	0	0	0	0	22,96	0	50,35	0	0	0	0	17,21	0	0	0	0	16,41	38,3
15:45198449:45198849	0	0	0	0	0	39,44	22,82	0	70,74	0	0	0	0	34,42	0	56,89	67,76	0	0	0	0	64,8	0	0	36,71	0	0	0	64,06	34,69	0	0	0	0	0	0	73,3	0	0	0	0	28,68	0	0	11,6	0	17,58	23,93
10:132364314:132364714	0	0	0	0	68,86	0	0	0	0	0	0	0	0	5,58	0	17,07	0	0	0	0	0	5,1	0	35,6	56,73	0	24,25	0	0	0	25,2	0	0	0	0	0	7,01	0	40,09	0	0	26,77	0	0	0	0	0,59	0
11:59566187:59566587	0	0	0	0	0	39,44	0	0	67,02	0	0	0	0	47,44	0	32,71	0	64,85	0	0	0	74,27	0	0	0	0	0	0	51,5	37,36	0	0	0	0	15,3	0	65,65	0	0	0	0	49,72	0	0	0	0	12,3	55,05
6:392121:392521	0	0	0	0	0	32,87	39,93	0	34,44	0	0	0	0	52,09	0	7,11	32,09	45,78	0	0	0	59,7	0	0	0	16,22	0	0	0	16,01	0	0	0	0	0	0	38,24	0	0	0	0	43,98	0	0	0	0	18,16	27,52